30 40
16 15 4 86 S 
10 0 4 83 S 
6 23 4 80 S 
29 10 8 73 H  3
12 11 4 68 S 
13 14 4 44 S 
11 17 4 42 S 
12 15 4 42 S 
9 13 4 41 S 
15 17 4 41 S 
11 15 4 41 S 
10 16 4 41 S 
12 16 4 40 S 
14 13 4 40 S 
13 16 4 40 S 
9 10 10 40 S 
15 16 4 39 S 
13 15 4 39 S 
12 16 4 39 S 
10 15 4 39 S 
11 16 4 39 S 
13 9 4 39 S 
13 15 4 39 S 
14 15 4 39 S 
9 15 4 39 S 
12 18 4 39 S 
17 18 4 39 S 
14 12 4 38 S 
14 16 4 38 S 
12 14 4 38 S 
7 20 4 38 S 
14 14 4 38 S 
12 16 4 38 S 
9 16 4 38 S 
9 17 4 38 S 
9 16 4 38 S 
13 15 4 38 S 
8 12 16 38 S 
15 15 4 38 S 
8 17 4 38 S 
8 18 4 38 S 
13 14 4 38 S 
10 17 4 38 S 
15 13 4 38 S 
16 14 4 37 S 
16 20 4 37 S 
7 16 4 37 S 
7 17 4 37 S 
14 15 4 37 S 
6 16 4 37 S 
11 18 4 37 S 
9 15 4 37 S 
7 14 4 37 S 
14 15 4 37 S 
11 14 4 37 S 
15 14 4 37 S 
14 14 4 37 S 
14 22 4 37 S 
14 16 4 37 S 
10 14 4 37 S 
9 18 4 37 S 
10 21 4 37 S 
13 10 4 37 S 
15 11 4 36 S 
12 20 4 36 S 
10 15 4 36 S 
6 18 4 36 S 
8 16 4 36 S 
14 14 4 36 S 
11 15 4 36 S 
14 16 4 36 S 
12 21 4 36 S 
10 15 4 36 S 
10 19 4 36 S 
13 13 4 36 S 
13 14 4 36 S 
12 17 4 36 S 
12 13 4 36 S 
9 14 4 36 S 
13 17 4 36 S 
15 14 4 36 S 
11 19 4 36 S 
9 16 4 36 S 
9 19 4 36 S 
10 18 4 36 S 
8 20 4 36 S 
15 14 4 36 S 
11 12 4 36 S 
13 17 4 36 S 
11 20 4 35 S 
4 17 4 35 S 
6 15 4 35 S 
11 21 4 35 S 
14 16 4 35 S 
16 16 4 35 S 
11 15 4 35 S 
9 20 4 35 S 
14 10 4 35 S 
8 14 4 35 S 
7 19 4 35 S 
13 18 4 35 S 
11 13 4 35 S 
8 15 4 35 S 
10 13 4 35 S 
10 20 4 35 S 
11 20 4 35 S 
7 15 4 35 S 
11 11 4 35 S 
4 18 4 35 S 
9 12 4 35 S 
14 12 4 35 S 
9 14 4 35 S 
13 12 4 35 S 
15 12 4 34 S 
7 18 4 34 S 
14 16 4 34 S 
2 20 4 34 S 
11 19 4 34 S 
6 19 4 34 S 
14 19 4 34 S 
8 21 4 34 S 
10 22 4 34 S 
6 12 19 34 S 
14 12 4 34 S 
10 12 4 34 S 
8 19 4 34 S 
15 12 4 34 S 
14 11 4 34 S 
4 20 4 34 S 
6 17 4 34 S 
14 17 4 34 S 
12 10 4 34 S 
14 12 4 34 S 
5 14 7 34 S 
5 18 4 34 S 
12 18 4 34 S 
13 18 4 34 S 
9 22 4 34 S 
13 12 4 34 S 
11 19 4 34 S 
6 21 4 34 S 
11 12 4 34 S 
11 24 4 33 S 
8 13 4 33 S 
13 12 4 33 S 
18 18 4 33 S 
16 15 4 33 S 
9 21 4 33 S 
12 19 4 33 S 
8 22 4 33 S 
12 12 4 33 S 
14 17 4 33 S 
13 19 4 33 S 
13 12 4 33 S 
10 12 4 33 S 
10 22 4 33 S 
17 15 4 33 S 
3 17 4 33 S 
11 21 4 33 S 
6 20 4 33 S 
4 16 4 33 S 
5 16 4 33 S 
13 20 4 33 S 
11 22 4 33 S 
7 22 4 33 S 
11 18 4 33 S 
11 18 4 33 S 
7 23 4 33 S 
13 25 4 33 S 
3 18 4 33 S 
7 21 4 32 S 
16 14 4 32 S 
6 9 13 32 S 
13 18 4 32 S 
12 22 4 32 S 
6 21 4 32 S 
11 23 4 32 S 
10 12 4 32 S 
11 7 4 32 S 
5 19 4 32 S 
4 19 4 32 S 
14 12 4 32 S 
6 14 4 32 S 
5 20 4 32 S 
3 19 4 32 S 
16 18 4 32 S 
3 20 4 32 S 
12 11 4 32 S 
16 15 4 32 S 
13 11 4 32 S 
11 22 4 32 S 
9 23 4 32 S 
18 14 4 32 S 
12 21 4 32 S 
10 23 4 32 S 
12 20 4 31 S 
15 12 4 31 S 
18 17 4 31 S 
12 20 4 31 S 
15 17 4 31 S 
14 18 4 31 S 
15 17 4 31 S 
13 10 4 31 S 
13 10 4 31 S 
12 23 4 31 S 
5 21 4 31 S 
4 16 4 31 S 
15 16 4 31 S 
13 19 4 31 S 
9 11 7 31 S 
15 12 4 31 S 
15 18 4 31 S 
12 8 4 31 S 
5 22 4 31 S 
2 17 4 31 S 
10 12 4 31 S 
7 14 4 31 S 
15 12 4 31 S 
13 17 4 31 S 
5 17 4 31 S 
15 8 4 31 S 
13 8 4 30 S 
0 18 4 30 S 
13 7 4 30 S 
13 24 4 30 S 
15 9 4 30 S 
1 23 4 30 S 
9 24 4 30 S 
12 24 4 30 S 
2 18 4 30 S 
14 21 4 30 S 
16 17 4 30 S 
12 20 4 30 S 
13 10 4 30 S 
0 19 4 30 S 
2 19 4 30 S 
4 21 4 30 S 
12 10 4 30 S 
13 21 4 30 S 
4 16 4 30 S 
18 21 4 30 S 
16 13 4 30 S 
0 23 4 29 S 
14 20 4 29 S 
0 20 4 29 S 
13 8 4 29 S 
19 16 4 29 S 
1 19 4 29 S 
13 23 4 29 S 
9 26 4 29 S 
2 18 4 29 S 
16 12 4 29 S 
16 17 4 29 S 
14 5 4 29 S 
10 11 4 29 S 
18 14 4 29 S 
10 10 4 29 S 
14 18 4 29 S 
17 14 4 29 S 
0 20 4 29 S 
15 10 4 29 S 
14 19 4 28 S 
17 13 4 28 S 
15 7 4 28 S 
17 12 4 28 S 
1 20 4 28 S 
1 19 4 28 S 
16 19 4 28 S 
14 9 4 28 S 
5 15 4 28 S 
2 21 4 28 S 
14 7 4 28 S 
13 8 4 28 S 
14 19 4 28 S 
6 22 4 28 S 
0 21 4 28 S 
11 9 7 28 S 
13 21 4 28 S 
25 17 4 28 S 
2 18 4 28 S 
16 15 4 28 S 
8 24 4 28 S 
11 11 4 28 S 
15 10 4 28 S 
17 17 4 28 S 
15 22 4 28 S 
4 15 4 28 S 
15 5 4 28 S 
19 13 4 28 S 
1 18 4 28 S 
3 21 4 28 S 
14 20 4 28 S 
19 15 4 28 S 
20 15 4 28 S 
3 23 4 28 S 
11 10 4 28 S 
5 15 4 28 S 
19 17 4 28 S 
21 18 4 27 S 
18 13 4 27 S 
17 16 4 27 S 
13 22 4 27 S 
14 7 4 27 S 
14 26 4 27 S 
0 22 4 27 S 
1 21 4 27 S 
10 6 4 27 S 
9 25 4 27 S 
19 17 4 27 S 
23 19 4 27 S 
15 19 4 27 S 
16 16 4 27 S 
13 10 4 27 S 
7 24 4 27 S 
13 22 4 27 S 
16 15 4 27 S 
7 11 4 27 S 
6 25 4 27 S 
20 18 4 27 S 
12 21 4 27 S 
16 16 4 27 S 
16 17 4 27 S 
8 23 4 27 S 
14 7 4 26 S 
5 26 4 26 S 
5 15 4 26 S 
1 28 4 26 S 
15 7 4 26 S 
7 27 4 26 S 
15 24 4 26 S 
23 17 4 26 S 
16 5 4 26 S 
1 24 4 26 S 
11 10 4 26 S 
13 22 4 26 S 
14 21 4 26 S 
18 19 4 26 S 
18 20 4 26 S 
8 13 4 26 S 
12 9 4 26 S 
20 17 4 26 S 
15 20 4 26 S 
19 18 4 26 S 
13 24 4 26 S 
14 18 4 26 S 
18 17 4 26 S 
19 19 4 26 S 
15 7 4 26 S 
18 18 4 26 S 
10 24 4 26 S 
19 18 4 26 S 
17 15 4 26 S 
10 8 4 26 S 
5 7 7 25 S 
19 16 4 25 S 
17 14 4 25 S 
14 21 4 25 S 
16 21 4 25 S 
18 15 4 25 S 
9 8 4 25 S 
18 13 4 25 S 
6 15 4 25 S 
10 26 4 25 S 
18 16 4 25 S 
9 11 4 25 S 
9 24 4 25 S 
6 15 4 25 S 
15 7 4 25 S 
6 15 4 25 S 
0 25 4 25 S 
13 22 4 25 S 
19 19 4 25 S 
13 23 4 25 S 
9 12 4 25 S 
16 11 4 25 S 
15 6 4 25 S 
16 22 4 25 S 
13 4 4 25 S 
19 17 4 25 S 
17 19 4 25 S 
15 6 4 25 S 
0 21 4 25 S 
17 21 4 25 S 
15 6 4 25 S 
1 22 4 25 S 
20 16 4 25 S 
3 17 4 25 S 
8 10 4 25 S 
13 22 4 25 S 
16 11 4 25 S 
14 23 4 25 S 
7 13 4 25 S 
19 20 4 25 S 
7 25 4 25 S 
17 20 4 24 S 
5 23 4 24 S 
22 14 4 24 S 
0 28 4 24 S 
16 11 4 24 S 
8 27 4 24 S 
19 11 4 24 S 
20 17 4 24 S 
14 25 4 24 S 
4 22 4 24 S 
14 24 4 24 S 
13 23 4 24 S 
20 18 4 24 S 
13 23 4 24 S 
4 16 4 24 S 
6 15 4 24 S 
18 11 4 24 S 
20 17 4 24 S 
18 13 4 24 S 
18 12 4 24 S 
2 17 4 24 S 
20 21 4 24 S 
18 13 4 24 S 
15 23 4 24 S 
8 11 4 24 S 
19 19 4 24 S 
18 12 4 24 S 
3 17 4 24 S 
12 25 4 23 S 
17 24 4 23 S 
12 8 4 23 S 
21 16 4 23 S 
20 13 4 23 S 
4 16 4 23 S 
16 25 4 23 S 
17 11 4 23 S 
16 10 4 23 S 
19 14 4 23 S 
9 10 4 23 S 
16 9 4 23 S 
19 12 4 23 S 
19 20 4 23 S 
2 17 4 23 S 
20 18 4 23 S 
19 12 4 23 S 
19 19 4 23 S 
19 19 4 23 S 
6 24 4 23 S 
7 28 4 23 S 
8 13 4 23 S 
14 8 4 23 S 
19 12 4 23 S 
19 13 4 22 S 
16 4 4 22 S 
21 16 4 22 S 
19 18 4 22 S 
16 8 4 22 S 
19 19 4 22 S 
21 23 4 22 S 
22 11 4 22 S 
9 10 4 22 S 
21 13 4 22 S 
16 10 4 22 S 
7 12 4 22 S 
11 8 4 22 S 
16 10 4 22 S 
5 13 4 22 S 
12 8 4 22 S 
10 10 4 22 S 
1 18 4 22 S 
2 17 4 22 S 
13 28 4 22 S 
10 10 4 22 S 
21 17 4 22 S 
9 9 4 22 S 
1 26 4 22 S 
18 21 4 22 S 
23 21 4 22 S 
0 26 4 22 S 
1 25 4 22 S 
19 19 4 22 S 
18 12 4 22 S 
18 23 4 22 S 
17 22 4 22 S 
0 24 4 22 S 
9 9 4 22 S 
11 10 4 22 S 
10 9 4 22 S 
15 6 4 22 S 
4 24 4 22 S 
17 10 4 22 S 
19 20 4 22 S 
8 9 4 22 S 
20 12 4 22 S 
19 18 4 22 S 
17 9 4 22 S 
0 25 4 21 S 
15 21 4 21 S 
4 16 4 21 S 
17 6 4 21 S 
3 16 4 21 S 
9 28 4 21 S 
12 8 4 21 S 
23 16 4 21 S 
21 19 4 21 S 
20 14 4 21 S 
15 6 4 21 S 
3 22 4 21 S 
21 17 4 21 S 
20 12 4 21 S 
14 25 4 21 S 
14 21 4 21 S 
21 16 4 21 S 
22 16 4 21 S 
20 19 4 21 S 
21 17 4 21 S 
22 19 4 21 S 
23 25 4 21 S 
23 12 4 21 S 
0 29 4 21 S 
7 8 4 21 S 
14 24 4 21 S 
12 28 4 21 S 
19 20 4 21 S 
7 10 7 21 S 
16 23 4 21 S 
18 9 4 21 S 
17 4 4 21 S 
20 12 4 21 S 
8 11 4 21 S 
17 7 4 21 S 
17 22 4 21 S 
15 6 4 21 S 
16 8 4 20 S 
21 17 4 20 S 
6 26 4 20 S 
6 11 10 20 S 
0 27 4 20 S 
21 11 4 20 S 
18 22 4 20 S 
14 24 4 20 S 
8 7 4 20 S 
23 15 4 20 S 
15 23 4 20 S 
14 24 4 20 S 
6 6 4 20 S 
7 9 4 20 S 
22 17 4 20 S 
19 20 4 20 S 
5 25 4 20 S 
21 18 4 20 S 
6 10 13 20 S 
18 21 4 20 S 
16 6 4 20 S 
19 19 4 20 S 
8 8 4 20 S 
1 29 4 20 S 
10 27 4 20 S 
11 7 4 20 S 
24 17 4 20 S 
21 17 4 20 S 
19 14 4 20 S 
19 12 4 20 S 
7 12 4 20 S 
0 26 4 20 S 
8 8 4 20 S 
2 23 4 20 S 
0 31 4 19 S 
3 6 7 19 S 
8 25 4 19 S 
9 27 4 19 S 
7 8 4 19 S 
14 25 4 19 S 
3 28 4 19 S 
7 26 4 19 S 
8 8 4 19 S 
19 20 4 19 S 
17 5 4 19 S 
15 25 4 19 S 
3 17 4 19 S 
3 17 4 19 S 
19 23 4 19 S 
18 26 4 19 S 
16 7 4 19 S 
20 20 4 19 S 
24 16 4 19 S 
16 7 4 19 S 
21 17 4 19 S 
8 26 4 19 S 
7 30 4 19 S 
1 27 4 19 S 
22 18 4 19 S 
17 23 4 19 S 
3 17 4 19 S 
18 10 4 19 S 
13 6 4 18 S 
18 21 4 18 S 
5 8 4 18 S 
4 15 4 18 S 
1 33 4 18 S 
17 8 4 18 S 
1 22 4 18 S 
11 27 4 18 S 
0 30 4 18 S 
5 5 4 18 S 
16 7 4 18 S 
19 21 4 18 S 
0 32 4 18 S 
18 22 4 18 S 
1 32 4 18 S 
21 15 4 18 S 
6 8 4 18 S 
21 18 4 18 S 
11 6 4 18 S 
5 15 4 18 S 
16 8 4 18 S 
1 30 4 18 S 
23 17 4 18 S 
5 24 4 18 S 
19 19 4 18 S 
22 20 4 18 S 
0 30 4 18 S 
21 21 4 17 S 
14 6 4 17 S 
3 16 4 17 S 
21 20 4 17 S 
24 16 4 17 S 
24 14 4 17 S 
23 17 4 17 S 
11 7 4 17 S 
8 8 4 17 S 
3 16 4 17 S 
21 20 4 17 S 
10 25 4 17 S 
15 7 4 17 S 
3 16 4 17 S 
15 7 4 17 S 
18 21 4 17 S 
20 19 4 17 S 
23 18 4 17 S 
23 17 4 17 S 
4 23 4 17 S 
8 31 4 17 S 
5 9 13 17 S 
27 18 7 17 S 
19 21 4 17 S 
16 24 4 17 S 
11 25 4 17 S 
18 22 4 17 S 
3 25 4 17 S 
3 16 4 17 S 
20 20 4 17 S 
9 25 4 17 S 
2 22 4 17 S 
4 16 4 17 S 
23 18 4 17 S 
19 22 4 17 S 
23 17 4 17 S 
15 7 4 17 S 
25 16 4 17 S 
24 15 4 17 S 
6 13 4 16 S 
4 8 4 16 S 
23 17 4 16 S 
3 13 16 16 S 
24 15 4 16 S 
16 26 4 16 S 
20 24 4 16 S 
18 23 4 16 S 
12 7 4 16 S 
21 10 4 16 S 
7 7 4 16 S 
4 9 7 16 S 
3 16 4 16 S 
22 19 4 16 S 
24 16 4 16 S 
25 18 4 16 S 
14 25 4 16 S 
11 7 4 16 S 
6 7 4 16 S 
23 17 4 16 S 
20 22 4 16 S 
24 12 4 16 S 
20 23 4 16 S 
23 17 4 16 S 
24 15 4 16 S 
20 5 4 16 S 
12 7 4 16 S 
3 16 4 16 S 
23 17 4 16 S 
20 21 4 16 S 
20 21 4 16 S 
2 15 4 16 S 
3 16 4 16 S 
15 25 4 16 S 
2 7 4 16 S 
4 8 4 16 S 
3 16 4 16 S 
10 25 4 16 S 
25 15 4 16 S 
12 7 4 16 S 
11 26 4 16 S 
21 20 4 16 S 
3 16 4 16 S 
3 16 4 16 S 
8 8 4 16 S 
3 16 4 16 S 
3 16 4 16 S 
23 18 4 16 S 
12 7 4 16 S 
2 16 4 16 S 
23 17 4 16 S 
12 7 4 16 S 
3 9 4 16 S 
11 25 4 15 S 
16 24 4 15 S 
5 28 4 15 S 
19 10 4 15 S 
15 28 4 15 S 
11 8 4 15 S 
20 11 4 15 S 
12 7 4 15 S 
21 22 4 15 S 
20 11 4 15 S 
15 26 4 15 S 
18 24 4 15 S 
19 22 4 15 S 
12 7 4 15 S 
15 6 4 15 S 
6 5 4 15 S 
17 26 4 15 S 
1 31 4 15 S 
5 8 4 15 S 
22 23 4 15 S 
14 4 4 15 S 
24 21 4 15 S 
0 34 4 15 S 
12 7 4 15 S 
19 23 4 15 S 
20 12 4 15 S 
5 8 4 15 S 
12 7 4 15 S 
12 6 4 15 S 
17 7 4 15 S 
18 8 4 15 S 
2 16 4 15 S 
20 13 4 15 S 
19 9 4 15 S 
3 16 4 15 S 
18 25 4 15 S 
21 23 4 15 S 
10 7 4 15 S 
19 9 4 15 S 
24 16 4 15 S 
23 18 4 15 S 
3 26 4 14 S 
0 8 4 14 S 
25 12 4 14 S 
2 8 4 14 S 
23 22 4 14 S 
21 12 4 14 S 
4 7 4 14 S 
22 16 4 14 S 
18 24 4 14 S 
19 9 4 14 S 
22 16 4 14 S 
22 13 4 14 S 
23 19 4 14 S 
4 25 4 14 S 
12 26 4 14 S 
22 16 4 14 S 
24 16 4 14 S 
1 8 4 14 S 
22 21 4 14 S 
19 25 4 14 S 
22 20 4 14 S 
1 4 4 14 S 
14 6 4 14 S 
2 6 4 14 S 
17 7 4 14 S 
19 24 4 14 S 
1 9 4 14 S 
20 11 4 14 S 
5 6 4 14 S 
0 33 4 14 S 
21 22 4 14 S 
16 27 4 14 S 
2 10 4 14 S 
3 8 4 14 S 
19 24 4 14 S 
1 11 4 13 S 
12 7 4 13 S 
3 8 4 13 S 
19 28 4 13 S 
23 23 4 13 S 
23 24 4 13 S 
21 23 4 13 S 
22 24 4 13 S 
5 6 4 13 S 
12 7 4 13 S 
2 8 4 13 S 
21 8 4 13 S 
2 8 4 13 S 
12 25 4 13 S 
19 8 4 13 S 
17 6 4 13 S 
13 6 4 13 S 
24 23 4 13 S 
1 8 4 13 S 
3 8 4 13 S 
13 5 4 13 S 
25 15 4 13 S 
2 9 4 13 S 
24 24 7 13 S 
25 15 4 13 S 
23 17 4 13 S 
19 27 4 13 S 
23 17 4 13 S 
25 15 4 13 S 
22 19 4 13 S 
23 20 4 13 S 
25 20 4 13 S 
22 22 4 13 S 
17 6 4 13 S 
17 6 4 13 S 
2 27 4 13 S 
10 5 4 13 S 
14 27 4 13 S 
23 16 4 13 S 
21 26 4 13 S 
22 10 4 13 S 
20 27 4 13 S 
25 15 4 13 S 
3 8 4 13 S 
22 11 4 12 S 
3 6 4 12 S 
5 13 7 12 S 
1 34 4 12 S 
8 30 4 12 S 
3 24 4 12 S 
22 11 4 12 S 
4 1 4 12 S 
5 27 4 12 S 
8 6 4 12 S 
24 15 4 12 S 
24 18 4 12 S 
4 8 4 12 S 
3 16 4 12 S 
22 24 4 12 S 
3 16 4 12 S 
13 26 4 12 S 
29 17 4 12 S 
25 15 4 12 S 
25 15 4 12 S 
17 3 4 12 S 
1 23 4 12 S 
17 6 4 12 S 
4 28 4 12 S 
13 6 4 12 S 
3 10 4 12 S 
3 11 7 12 S 
6 2 4 12 S 
2 8 4 12 S 
20 26 4 12 S 
23 23 4 12 S 
21 25 4 12 S 
2 8 4 12 S 
4 6 4 12 S 
3 7 4 12 S 
12 5 4 12 S 
13 3 4 12 S 
9 7 4 12 S 
7 6 4 12 S 
1 6 4 12 S 
20 25 4 12 S 
18 7 4 12 S 
0 9 4 12 S 
10 8 4 12 S 
2 5 4 12 S 
5 6 4 12 S 
4 5 4 11 S 
19 26 4 11 S 
3 5 4 11 S 
18 28 4 11 S 
23 11 4 11 S 
25 16 4 11 S 
1 8 4 11 S 
4 4 4 11 S 
1 7 4 11 S 
0 11 4 11 S 
26 15 4 11 S 
1 3 4 11 S 
0 7 4 11 S 
2 6 4 11 S 
4 6 4 11 S 
28 17 4 11 S 
23 11 4 11 S 
3 4 4 11 S 
23 10 4 11 S 
22 26 4 11 S 
23 24 4 11 S 
22 11 4 11 S 
18 27 4 11 S 
24 13 4 11 S 
1 10 4 11 S 
2 24 4 11 S 
2 11 4 11 S 
17 4 4 11 S 
21 24 4 11 S 
0 10 4 11 S 
0 37 4 11 S 
26 22 10 11 S 
1 7 4 11 S 
25 19 4 11 S 
21 14 4 11 S 
23 11 4 11 S 
17 25 4 11 S 
1 23 4 11 S 
9 6 4 11 S 
24 15 4 11 S 
17 27 4 11 S 
3 16 4 10 S 
2 16 4 10 S 
21 11 4 10 S 
23 13 4 10 S 
4 26 4 10 S 
24 23 4 10 S 
25 14 4 10 S 
3 16 4 10 S 
5 4 4 10 S 
4 4 4 10 S 
18 5 4 10 S 
3 16 4 10 S 
3 16 4 10 S 
4 10 7 10 S 
25 14 4 10 S 
23 14 4 10 S 
11 28 4 10 S 
0 17 4 10 S 
3 27 4 10 S 
6 27 4 10 S 
26 13 4 10 S 
23 11 4 10 S 
17 5 4 10 S 
25 14 4 10 S 
6 4 4 10 S 
6 4 4 10 S 
5 4 4 10 S 
6 4 4 10 S 
1 6 4 10 S 
27 26 10 10 S 
23 24 4 10 S 
5 2 4 10 S 
21 7 4 10 S 
25 13 4 10 S 
5 13 4 10 S 
24 19 7 10 S 
22 13 4 10 S 
25 14 4 10 S 
26 14 4 10 S 
22 12 4 10 S 
19 6 4 10 S 
0 6 4 10 S 
4 15 4 10 S 
21 9 4 9 S 
21 26 4 9 S 
20 9 4 9 S 
5 24 4 9 S 
6 13 4 9 S 
5 4 4 9 S 
25 25 7 9 S 
24 22 4 9 S 
26 24 10 9 S 
6 28 4 9 S 
4 11 10 9 S 
5 25 4 9 S 
18 6 4 9 S 
19 8 4 9 S 
11 5 4 9 S 
3 10 4 9 S 
3 5 4 9 S 
5 4 4 9 S 
24 11 4 9 S 
24 11 4 9 S 
25 15 4 9 S 
0 4 4 9 S 
25 21 7 9 S 
5 4 4 9 S 
19 7 4 9 S 
27 16 4 9 S 
21 27 4 9 S 
4 15 4 9 S 
6 13 4 9 S 
20 26 4 9 S 
20 8 4 9 S 
24 23 4 9 S 
12 27 4 9 S 
19 8 4 9 S 
24 18 4 9 S 
4 5 4 9 S 
22 9 4 9 S 
0 35 4 9 S 
0 36 4 9 S 
25 15 4 9 S 
1 17 4 9 S 
18 0 4 9 S 
7 29 4 9 S 
4 27 4 9 S 
5 30 4 9 S 
11 26 4 9 S 
12 6 4 9 S 
2 4 4 8 S 
1 5 4 8 S 
0 5 4 8 S 
14 5 4 8 S 
1 12 4 8 S 
22 25 4 8 S 
25 27 13 8 S 
4 14 4 8 S 
5 4 4 8 S 
26 21 7 8 S 
18 3 4 8 S 
24 23 4 8 S 
25 16 4 8 S 
1 17 4 8 S 
25 21 7 8 S 
0 12 4 8 S 
21 26 4 8 S 
5 4 4 8 S 
20 10 4 8 S 
26 17 4 8 S 
16 2 4 7 S 
1 4 4 7 S 
29 19 4 7 S 
18 4 4 7 S 
5 3 4 7 S 
26 10 4 7 S 
2 4 4 7 S 
5 3 4 7 S 
3 3 4 7 S 
3 16 4 7 S 
28 16 4 7 S 
25 20 4 7 S 
25 21 4 7 S 
24 20 4 7 S 
4 3 4 7 S 
5 4 4 7 S 
15 4 4 7 S 
7 28 4 7 S 
3 16 4 7 S 
3 16 4 7 S 
23 27 4 7 S 
1 17 4 7 S 
2 0 4 7 S 
2 4 4 7 S 
5 4 4 7 S 
6 1 4 7 S 
1 35 4 7 S 
23 26 4 7 S 
3 16 4 7 S 
3 16 4 7 S 
26 12 4 7 S 
26 16 4 7 S 
25 10 4 7 S 
25 17 4 7 S 
3 16 4 7 S 
24 23 4 7 S 
4 16 4 6 S 
4 16 4 6 S 
24 22 4 6 S 
25 23 4 6 S 
21 25 4 6 S 
2 4 4 6 S 
3 15 4 6 S 
15 5 4 6 S 
15 5 4 6 S 
5 12 7 6 S 
3 16 4 6 S 
24 10 4 6 S 
3 16 4 6 S 
3 16 4 6 S 
3 16 4 6 S 
25 14 4 6 S 
3 16 4 6 S 
25 18 4 6 S 
16 28 4 6 S 
24 27 10 6 S 
27 13 4 6 S 
2 38 4 6 S 
15 5 4 6 S 
1 36 4 6 S 
26 18 4 6 S 
18 1 4 6 S 
29 20 4 6 S 
23 9 4 6 S 
1 36 4 6 S 
24 22 4 6 S 
28 19 4 6 S 
3 4 4 6 S 
25 22 4 6 S 
24 10 4 6 S 
24 10 4 6 S 
24 22 4 6 S 
14 5 4 6 S 
1 4 4 6 S 
19 5 4 6 S 
6 0 4 5 S 
6 2 4 5 S 
26 18 4 5 S 
5 2 4 5 S 
5 1 4 5 S 
26 19 4 5 S 
29 18 4 5 S 
4 2 4 5 S 
24 22 4 5 S 
25 21 4 5 S 
26 9 4 5 S 
26 11 4 5 S 
24 22 4 5 S 
24 22 4 5 S 
8 28 4 5 S 
24 22 4 5 S 
19 4 4 5 S 
26 20 4 5 S 
18 3 4 5 S 
25 11 4 5 S 
7 27 4 5 S 
3 3 4 5 S 
24 22 4 5 S 
25 17 4 5 S 
0 2 4 5 S 
28 18 4 5 S 
5 15 4 5 S 
27 17 4 5 S 
24 10 4 5 S 
24 10 4 5 S 
25 24 4 5 S 
22 9 4 5 S 
25 12 4 5 S 
25 13 4 5 S 
25 13 4 5 S 
25 18 4 5 S 
1 37 4 5 S 
15 5 4 5 S 
22 15 4 5 S 
28 15 4 5 S 
3 2 4 5 S 
24 23 4 5 S 
15 27 4 5 S 
3 16 4 5 S 
5 10 7 5 S 
23 11 4 5 S 
20 7 4 5 S 
2 39 4 5 S 
14 4 4 4 S 
7 1 4 4 S 
12 5 4 4 S 
4 12 4 4 S 
24 24 4 4 S 
6 29 4 4 S 
24 22 4 4 S 
18 4 4 4 S 
24 22 4 4 S 
6 2 4 4 S 
22 28 4 4 S 
1 38 4 4 S 
6 1 4 4 S 
14 28 4 4 S 
20 28 4 4 S 
27 17 4 4 S 
0 16 4 4 S 
10 28 4 4 S 
9 27 4 4 S 
2 3 4 4 S 
24 22 4 4 S 
24 25 4 4 S 
24 24 4 4 S 
7 1 4 4 S 
9 2 4 4 S 
8 28 4 4 S 
7 2 4 4 S 
24 25 4 4 S 
18 2 4 4 S 
24 24 4 4 S 
7 1 4 4 S 
0 14 4 4 S 
0 13 4 4 S 
27 16 4 4 S 
8 29 4 4 S 
6 1 4 4 S 
8 2 4 4 S 
4 2 4 4 S 
25 26 4 4 S 
17 2 4 4 S 
7 1 4 4 S 
6 1 4 4 S 
14 29 4 3 S 
2 2 4 3 S 
0 15 4 3 S 
9 0 4 3 S 
18 2 4 3 S 
11 3 4 3 S 
0 39 4 3 S 
26 20 4 3 S 
26 19 4 3 S 
1 1 4 3 S 
27 19 4 3 S 
17 28 4 3 S 
6 30 4 3 S 
26 20 4 3 S 
1 2 4 3 S 
1 36 4 3 S 
26 19 4 3 S 
6 1 4 3 S 
24 26 4 3 S 
29 22 4 3 S 
25 9 4 3 S 
25 13 4 3 S 
24 22 4 3 S 
7 1 4 3 S 
29 16 4 3 S 
9 30 4 3 S 
27 14 4 3 S 
26 21 4 3 S 
3 16 4 3 S 
25 13 4 3 S 
25 13 4 3 S 
25 13 4 3 S 
25 13 4 3 S 
12 5 4 3 S 
24 22 4 3 S 
21 28 4 3 S 
5 29 4 3 S 
12 3 4 3 S 
0 38 4 3 S 
24 22 4 3 S 
20 6 4 3 S 
3 16 4 3 S 
3 16 4 3 S 
5 29 4 3 S 
15 29 4 3 S 
3 16 4 3 S 
3 0 4 3 S 
4 29 4 3 S 
2 3 4 3 S 
24 26 4 2 S 
27 20 4 2 S 
29 16 4 2 S 
28 20 4 2 S 
26 11 4 2 S 
26 20 4 2 S 
18 2 4 2 S 
19 1 4 2 S 
26 12 4 2 S 
3 16 4 2 S 
25 13 4 2 S 
25 13 4 2 S 
22 27 4 2 S 
0 3 4 2 S 
27 15 4 2 S 
26 21 4 2 S 
3 1 4 2 S 
21 7 4 2 S 
19 29 4 2 S 
15 4 4 2 S 
3 16 4 2 S 
3 16 4 2 S 
3 2 4 2 S 
27 22 4 2 S 
27 22 4 2 S 
27 24 4 2 S 
28 21 4 2 S 
27 22 4 2 S 
1 0 4 2 S 
28 22 4 2 S 
27 21 4 2 S 
26 20 4 2 S 
2 1 4 2 S 
28 21 4 2 S 
19 3 4 2 S 
2 2 4 2 S 
3 2 4 2 S 
28 14 4 2 S 
21 29 4 2 S 
26 20 4 2 S 
9 29 4 2 S 
1 39 4 2 S 
15 4 4 2 S 
18 2 4 2 S 
8 0 4 2 S 
7 0 2 24 T 
15 36 10 19  O
28 10 0 14  U
5 35 0 12  U
24 31 0 3  U
2 30 0 0  M
2 28 0 0  M
2 33 0 0  M
10 2 0 0  M
4 37 0 0  M
10 1 0 0  M
14 2 0 0  M
15 35 10 0  O
20 12 0 0  M
2 33 0 0  M
7 5 0 0  M
16 12 0 0  M
2 30 0 0  M
6 4 0 0  M
25 9 0 0  M
15 36 10 0  O
2 27 0 0  M
20 12 0 0  M
27 7 0 0  U
2 33 0 0  M
25 1 0 0  M
28 9 0 0  U
20 12 0 0  M
2 33 0 0  M
2 35 0 0  M
8 37 0 0  U
2 29 0 0  M
13 32 0 0  M
2 34 0 0  M
2 32 0 0  M
2 30 0 0  M
16 11 0 0  M
14 36 10 0  O
25 29 0 0  U
18 32 0 0  M
2 30 0 0  M
25 3 0 0  M
25 32 0 0  U
2 33 0 0  M
2 34 0 0  M
24 31 0 0  U
2 30 0 0  M
14 2 0 0  M
2 33 0 0  M
7 5 0 0  M
2 28 0 0  M
16 34 10 0  O
27 2 0 0  U
2 34 0 0  M
2 33 0 0  M
5 36 0 0  M
2 33 0 0  M
2 31 0 0  M
17 3 0 0  M
2 29 0 0  M
10 4 0 0  M
4 30 0 0  M
2 28 0 0  M
6 4 0 0  M
2 31 0 0  M
6 4 0 0  M
13 31 0 0  M
2 35 0 0  M
14 2 0 0  M
2 32 0 0  M
2 32 0 0  M
3 35 0 0  M
10 3 0 0  M
2 27 0 0  M
10 1 0 0  M
17 32 0 0  M
25 30 0 0  U
2 33 0 0  M
2 32 0 0  M
19 2 0 0  M
2 27 0 0  M
2 32 0 0  M
24 30 0 0  U
16 11 0 0  M
2 29 0 0  M
2 32 0 0  M
21 31 0 0  M
4 30 0 0  M
15 36 10 0  O
13 34 0 0  M
10 2 0 0  M
6 4 0 0  M
3 33 0 0  M
2 32 0 0  M
2 32 0 0  M
6 4 0 0  M
25 1 0 0  M
2 32 0 0  M
2 32 0 0  M
6 4 0 0  M
10 3 0 0  M
2 30 0 0  M
14 1 0 0  M
2 31 0 0  M
20 3 0 0  M
2 33 0 0  M
2 29 0 0  M
17 3 0 0  M
2 34 0 0  M
25 2 0 0  M
2 34 0 0  M
20 1 0 0  M
2 29 0 0  M
10 4 0 0  M
28 9 0 0  U
2 35 0 0  M
2 29 0 0  M
2 27 0 0  M
2 34 0 0  M
14 2 0 0  M
24 29 0 0  U
2 30 0 0  M
23 28 0 0  U
16 12 0 0  M
6 4 0 0  M
2 33 0 0  M
14 2 0 0  M
5 36 0 0  U
2 34 0 0  M
2 31 0 0  M
7 5 0 0  M
2 33 0 0  M
25 3 0 0  M
14 35 0 0  M
2 35 0 0  M
14 2 0 0  M
15 11 0 0  M
27 3 0 0  U
26 6 0 0  M
7 3 0 0  M
2 33 0 0  M
26 12 0 0  M
6 4 0 0  M
2 32 0 0  M
2 35 0 0  M
2 35 0 0  M
5 36 0 0  M
22 33 0 0  M
2 29 0 0  M
27 7 0 0  M
6 4 0 0  M
13 35 0 0  M
15 36 10 0  O
2 31 0 0  M
15 31 0 0  M
2 28 0 0  M
10 3 0 0  M
10 3 0 0  M
22 4 0 0  M
29 7 0 0  U
10 3 0 0  M
7 4 0 0  M
6 4 0 0  M
25 3 0 0  M
15 10 0 0  M
22 32 0 0  M
10 3 0 0  M
10 30 0 0  M
20 3 0 0  M
10 3 0 0  M
25 2 0 0  M
7 5 0 0  M
21 31 0 0  M
19 2 0 0  M
20 3 0 0  M
8 4 0 0  M
25 32 0 0  U
25 28 0 0  U
5 34 0 0  U
24 4 0 0  M
2 32 0 0  M
2 27 0 0  M
10 2 0 0  M
2 34 0 0  M
3 37 0 0  M
2 28 0 0  M
8 32 0 0  M
2 34 0 0  M
21 33 0 0  M
20 3 0 0  M
18 32 0 0  M
19 2 0 0  M
14 1 0 0  M
25 2 0 0  M
8 6 0 0  M
16 13 0 0  M
17 3 0 0  M
15 24 0 0  M
3 31 0 0  M
2 30 0 0  M
13 30 0 0  M
25 2 0 0  M
26 32 0 0  U
2 34 0 0  M
2 34 0 0  M
10 4 0 0  M
2 29 0 0  M
4 33 0 0  M
2 33 0 0  M
2 29 0 0  M
7 4 0 0  M
2 31 0 0  M
2 27 0 0  M
24 30 0 0  U
27 7 0 0  U
2 31 0 0  M
10 4 0 0  M
2 27 0 0  M
24 31 0 0  U
2 30 0 0  M
15 13 0 0  M
2 30 0 0  M
2 27 0 0  M
2 28 0 0  M
2 28 0 0  M
6 39 0 0  U
5 36 0 0  M
16 11 0 0  M
20 12 0 0  M
2 32 0 0  M
2 31 0 0  M
2 28 0 0  M
2 34 0 0  M
2 31 0 0  M
25 4 0 0  M
2 29 0 0  M
24 30 0 0  U
18 12 0 0  M
5 4 0 0  M
26 3 0 0  M
2 31 0 0  M
10 31 0 0  M
17 34 10 0  O
18 3 0 0  M
2 31 0 0  M
6 4 0 0  M
10 2 0 0  M
2 34 0 0  M
2 33 0 0  M
2 30 0 0  M
16 12 0 0  M
20 12 0 0  M
2 34 0 0  M
2 30 0 0  M
2 34 0 0  M
7 37 0 0  U
5 36 0 0  M
2 35 0 0  M
27 5 0 0  U
9 8 0 0  M
2 30 0 0  M
15 10 0 0  M
2 34 0 0  M
2 32 0 0  M
7 5 0 0  M
15 10 0 0  M
2 32 0 0  M
17 29 0 0  M
2 32 0 0  M
2 34 0 0  M
2 31 0 0  M
2 31 0 0  M
16 13 0 0  M
2 33 0 0  M
10 4 0 0  M
2 35 0 0  M
2 35 0 0  M
10 3 0 0  M
26 2 0 0  M
17 31 0 0  M
16 37 10 0  O
2 30 0 0  M
2 32 0 0  M
2 33 0 0  M
22 6 0 0  M
2 33 0 0  M
2 29 0 0  M
20 33 10 0  O
2 29 0 0  M
6 4 0 0  M
2 33 0 0  M
2 33 0 0  M
2 29 0 0  M
2 32 0 0  M
2 33 0 0  M
24 29 0 0  U
2 32 0 0  M
10 3 0 0  M
8 6 0 0  M
21 32 10 0  O
2 34 0 0  M
2 27 0 0  M
2 34 0 0  M
25 4 0 0  M
2 33 0 0  M
2 32 0 0  M
2 27 0 0  M
2 34 0 0  M
14 2 0 0  M
2 33 0 0  M
5 36 0 0  U
2 32 0 0  M
2 27 0 0  M
15 24 0 0  M
6 4 0 0  M
9 5 0 0  M
13 30 0 0  M
19 2 0 0  M
2 35 0 0  M
25 28 0 0  U
2 31 0 0  M
6 4 0 0  M
17 29 0 0  M
2 30 0 0  M
10 2 0 0  M
14 2 0 0  M
4 30 0 0  M
2 28 0 0  M
2 35 0 0  M
27 6 0 0  U
19 2 0 0  M
2 33 0 0  M
2 33 0 0  M
2 33 0 0  M
23 30 0 0  U
2 32 0 0  M
17 35 10 0  O
2 32 0 0  M
24 10 0 0  M
2 33 0 0  M
21 30 0 0  M
2 35 0 0  M
2 32 0 0  M
2 32 0 0  M
20 3 0 0  M
7 3 0 0  M
2 31 0 0  M
23 31 0 0  U
5 34 0 0  U
19 12 0 0  M
2 33 0 0  M
25 6 0 0  M
9 5 0 0  M
2 34 0 0  M
2 35 0 0  M
10 3 0 0  M
16 37 10 0  O
10 3 0 0  M
25 2 0 0  M
19 2 0 0  M
19 13 0 0  M
2 35 0 0  M
24 31 0 0  U
25 9 0 0  M
20 1 0 0  M
2 31 0 0  M
20 31 0 0  M
2 34 0 0  M
5 36 0 0  M
2 32 0 0  M
17 37 10 0  O
2 34 0 0  M
15 12 0 0  M
10 4 0 0  M
2 27 0 0  M
7 4 0 0  M
6 38 0 0  U
2 32 0 0  M
6 34 0 0  M
10 3 0 0  M
19 13 0 0  M
15 10 0 0  M
25 9 0 0  M
26 29 0 0  U
7 3 0 0  M
27 15 0 0  M
25 3 0 0  M
2 33 0 0  M
6 4 0 0  M
2 29 0 0  M
2 34 0 0  M
2 34 0 0  M
6 4 0 0  M
18 3 0 0  M
2 30 0 0  M
2 31 0 0  M
2 28 0 0  M
29 12 0 0  M
2 29 0 0  M
14 2 0 0  M
2 33 0 0  M
2 27 0 0  M
24 7 0 0  M
2 31 0 0  M
3 36 0 0  M
2 32 0 0  M
2 34 0 0  M
23 6 0 0  M
27 6 0 0  U
2 31 0 0  M
2 34 0 0  M
15 10 0 0  M
16 35 10 0  O
8 4 0 0  M
18 37 10 0  O
23 3 0 0  M
23 31 0 0  U
2 34 0 0  M
2 34 0 0  M
3 30 0 0  M
6 3 0 0  M
28 30 0 0  U
20 3 0 0  M
22 31 0 0  M
9 5 0 0  M
2 32 0 0  M
2 29 0 0  M
14 2 0 0  M
24 10 0 0  M
15 10 0 0  M
2 35 0 0  M
2 32 0 0  M
24 10 0 0  M
2 29 0 0  M
18 32 0 0  M
27 7 0 0  U
20 30 0 0  M
16 12 0 0  M
2 35 0 0  M
15 24 0 0  M
19 1 0 0  M
18 32 10 0  O
10 33 0 0  M
4 35 0 0  M
25 3 0 0  M
16 12 0 0  M
2 34 0 0  M
9 10 0 0  M
25 2 0 0  M
2 30 0 0  M
2 28 0 0  M
12 33 0 0  M
2 31 0 0  M
2 29 0 0  M
6 4 0 0  M
2 33 0 0  M
15 36 10 0  O
5 38 0 0  M
6 4 0 0  M
2 29 0 0  M
2 30 0 0  M
24 15 0 0  M
10 30 0 0  M
2 33 0 0  M
14 34 10 0  O
3 34 0 0  M
27 8 0 0  M
2 28 0 0  M
9 5 0 0  M
2 32 0 0  M
16 11 0 0  M
25 32 0 0  U
2 26 0 0  M
2 35 0 0  M
23 30 0 0  U
10 4 0 0  M
2 32 0 0  M
5 33 0 0  M
2 30 0 0  M
2 30 0 0  M
23 31 0 0  U
2 34 0 0  M
2 30 0 0  M
15 36 10 0  O
2 35 0 0  M
6 4 0 0  M
14 1 0 0  M
22 13 0 0  M
14 2 0 0  M
25 15 0 0  M
2 13 10 0  O
2 34 0 0  M
2 29 0 0  M
2 27 0 0  M
2 34 0 0  M
2 34 0 0  M
2 33 0 0  M
4 35 0 0  M
2 30 0 0  M
25 7 0 0  M
2 28 0 0  M
2 32 0 0  M
2 32 0 0  M
2 31 0 0  M
20 29 0 0  M
6 4 0 0  M
24 29 0 0  U
10 2 0 0  M
2 35 0 0  M
2 26 0 0  M
14 35 10 0  O
2 33 0 0  M
2 26 0 0  M
2 35 0 0  M
7 36 0 0  U
2 33 0 0  M
2 32 0 0  M
2 28 0 0  M
16 11 0 0  M
2 34 0 0  M
25 5 0 0  M
2 32 0 0  M
28 8 0 0  U
2 31 0 0  M
12 29 0 0  M
10 3 0 0  M
4 37 0 0  M
2 34 0 0  M
20 12 0 0  M
2 33 0 0  M
2 31 0 0  M
16 11 0 0  M
6 4 0 0  M
7 5 0 0  M
14 2 0 0  M
2 34 0 0  M
24 31 0 0  U
2 35 0 0  M
2 35 0 0  M
2 34 0 0  M
24 5 0 0  M
26 3 0 0  M
16 11 0 0  G
2 30 0 0  M
5 11 0 0  U
7 5 0 0  M
6 4 0 0  M
2 29 0 0  M
9 4 0 0  M
2 27 0 0  M
2 30 0 0  M
14 32 0 0  M
10 2 0 0  M
2 30 0 0  M
2 33 0 0  M
2 34 0 0  M
2 30 0 0  M
25 9 0 0  M
7 3 0 0  M
7 3 0 0  M
2 33 0 0  M
2 30 0 0  M
4 37 0 0  M
10 36 0 0  U
7 3 0 0  M
2 31 0 0  M
11 29 0 0  M
2 34 0 0  M
2 34 0 0  M
2 34 0 0  M
2 33 0 0  M
14 35 10 0  O
6 37 0 0  U
24 32 0 0  U
19 2 0 0  M
10 3 0 0  M
26 7 0 0  M
5 38 0 0  U
16 13 0 0  M
2 32 0 0  M
14 1 0 0  M
22 9 0 0  M
22 16 0 0  M
2 31 0 0  M
10 3 0 0  M
15 37 10 0  O
12 31 0 0  M
2 29 0 0  M
14 2 0 0  M
4 35 0 0  M
2 26 0 0  M
2 34 0 0  M
2 27 0 0  M
15 13 0 0  M
24 28 0 0  U
19 34 10 0  O
6 4 0 0  M
2 29 0 0  M
2 33 0 0  M
23 7 0 0  M
2 33 0 0  M
2 34 0 0  M
2 33 0 0  M
2 33 0 0  M
11 35 0 0  U
14 2 0 0  M
2 35 0 0  M
15 36 10 0  O
10 3 0 0  M
2 35 0 0  M
2 33 0 0  M
2 35 0 0  M
6 4 0 0  M
16 11 0 0  M
2 33 0 0  M
2 34 0 0  M
14 35 10 0  O
24 29 0 0  U
25 2 0 0  M
2 34 0 0  M
2 27 0 0  M
2 32 0 0  M
2 35 0 0  M
20 3 0 0  M
2 29 0 0  M
19 33 10 0  O
3 36 0 0  M
2 29 0 0  M
13 1 0 0  M
4 37 0 0  M
27 31 0 0  U
28 9 0 0  U
14 2 0 0  M
23 34 0 0  M
20 4 0 0  M
10 2 0 0  M
20 3 0 0  M
2 31 0 0  M
20 3 0 0  M
27 5 0 0  U
16 37 10 0  O
20 1 0 0  M
10 3 0 0  M
25 2 0 0  M
25 32 0 0  U
28 14 0 0  M
16 4 0 0  M
16 4 0 0  M
14 2 0 0  M
9 4 0 0  M
25 3 0 0  M
10 3 0 0  M
20 3 0 0  M
16 12 0 0  M
2 35 0 0  M
27 0 0 0  U
14 1 0 0  M
2 29 0 0  M
2 32 0 0  M
16 11 0 0  M
2 28 0 0  M
19 32 10 0  O
2 29 0 0  M
27 30 0 0  U
2 35 0 0  M
2 32 0 0  M
14 1 0 0  M
2 27 0 0  M
20 3 0 0  M
2 35 0 0  M
7 34 0 0  M
10 3 0 0  M
2 34 0 0  M
6 4 0 0  M
2 34 0 0  M
23 31 0 0  U
2 33 0 0  M
2 34 0 0  M
16 11 0 0  M
2 32 0 0  M
2 32 0 0  M
26 30 0 0  U
15 30 0 0  M
15 31 10 0  O
2 33 0 0  M
2 27 0 0  M
2 35 0 0  M
11 30 0 0  M
2 30 0 0  M
2 32 0 0  M
18 32 0 0  M
2 32 0 0  M
8 6 0 0  M
2 27 0 0  M
7 31 0 0  M
2 33 0 0  M
2 34 0 0  M
2 32 0 0  M
22 32 0 0  M
2 30 0 0  M
2 34 0 0  M
2 28 0 0  M
7 3 0 0  M
16 12 0 0  M
22 3 0 0  M
2 26 0 0  M
20 11 0 0  M
6 4 0 0  M
2 33 0 0  M
2 28 0 0  M
4 38 0 0  M
2 34 0 0  M
2 34 0 0  M
7 5 0 0  M
2 33 0 0  M
29 13 0 0  M
2 35 0 0  M
2 35 0 0  M
20 12 0 0  M
2 31 0 0  M
2 31 0 0  M
2 32 0 0  M
2 32 0 0  M
17 3 0 0  M
2 34 0 0  M
10 3 0 0  M
24 28 0 0  U
27 14 0 0  M
28 9 0 0  U
2 31 0 0  M
26 31 0 0  U
22 7 0 0  M
5 36 0 0  M
2 34 0 0  M
2 27 0 0  M
10 2 0 0  M
3 29 0 0  M
7 35 0 0  U
2 33 0 0  M
24 31 0 0  U
19 12 0 0  M
5 35 0 0  U
28 9 0 0  U
12 30 0 0  M
5 36 0 0  M
2 28 0 0  M
24 31 0 0  U
2 34 0 0  M
2 34 0 0  M
2 26 0 0  M
2 33 0 0  M
9 5 0 0  M
3 29 0 0  M
24 28 0 0  U
2 35 0 0  M
27 3 0 0  U
20 3 0 0  M
2 34 0 0  M
2 33 0 0  M
2 34 0 0  M
2 32 0 0  M
2 34 0 0  M
24 28 0 0  U
2 32 0 0  M
4 37 0 0  M
2 28 0 0  M
20 11 0 0  M
2 32 0 0  M
27 9 0 0  U
2 33 0 0  M
2 34 0 0  M
21 30 0 0  M
18 13 0 0  M
25 1 0 0  M
20 2 0 0  M
2 31 0 0  M
8 6 0 0  M
2 32 0 0  M
2 33 0 0  M
15 10 0 0  M
2 31 0 0  M
2 29 0 0  M
4 34 0 0  U
16 12 0 0  M
2 35 0 0  M
5 39 0 0  U
2 30 0 0  M
20 32 0 0  M
5 36 0 0  U
3 36 0 0  M
15 33 0 0  M
2 35 0 0  M
8 34 0 0  U
15 36 10 0  O
4 32 0 0  M
2 31 0 0  M
2 32 0 0  M
9 4 0 0  M
2 30 0 0  M
2 33 0 0  M
2 32 0 0  M
25 7 0 0  M
2 31 0 0  M
2 29 0 0  M
2 33 0 0  M
7 34 0 0  U
2 30 0 0  M
2 27 0 0  M
9 32 0 0  M
2 26 0 0  M
2 30 0 0  M
2 30 0 0  M
2 34 0 0  M
2 34 0 0  M
2 35 0 0  M
2 33 0 0  M
1 14 10 0  O
27 6 0 0  U
17 36 10 0  O
24 15 0 0  M
8 5 0 0  M
12 2 0 0  M
2 35 0 0  M
2 32 0 0  M
2 31 0 0  M
26 1 0 0  M
6 4 0 0  M
15 10 0 0  M
18 12 0 0  M
9 4 0 0  M
25 9 0 0  M
24 31 0 0  U
27 7 0 0  M
16 37 10 0  O
2 33 0 0  M
28 7 0 0  U
14 2 0 0  M
10 5 0 0  M
20 3 0 0  M
10 2 0 0  M
20 2 0 0  M
10 3 0 0  M
10 3 0 0  M
2 35 0 0  M
25 32 0 0  U
2 35 0 0  M
2 28 0 0  M
9 37 0 0  U
14 2 0 0  M
2 34 0 0  M
24 4 0 0  M
2 34 0 0  M
2 27 0 0  M
26 31 0 0  U
24 30 0 0  U
2 35 0 0  M
2 35 0 0  M
18 30 0 0  M
2 31 0 0  M
14 2 0 0  M
23 13 0 0  M
2 34 0 0  M
27 7 0 0  U
20 3 0 0  M
10 1 0 0  M
7 3 0 0  M
26 20 0 0  U
7 3 0 0  M
2 35 0 0  M
2 31 0 0  M
19 2 0 0  M
20 11 0 0  M
2 35 0 0  M
2 35 0 0  M
7 32 0 0  M
7 4 0 0  M
22 34 0 0  M
2 35 0 0  M
21 34 0 0  M
17 36 10 0  O
7 4 0 0  M
20 32 0 0  M
14 2 0 0  M
20 3 0 0  M
22 29 0 0  M
10 5 0 0  M
10 3 0 0  M
19 36 10 0  O
25 3 0 0  M
10 2 0 0  M
14 2 0 0  M
2 33 0 0  M
2 35 0 0  M
17 33 10 0  O
2 31 0 0  M
2 33 0 0  M
10 4 0 0  M
24 28 0 0  U
2 28 0 0  M
26 0 0 0  M
2 31 0 0  M
2 34 0 0  M
24 10 0 0  M
2 33 0 0  M
20 3 0 0  M
2 29 0 0  M
19 12 0 0  M
10 2 0 0  M
2 32 0 0  M
2 29 0 0  M
6 4 0 0  M
12 34 0 0  M
27 6 0 0  M
2 31 0 0  M
23 31 0 0  U
10 3 0 0  M
2 33 0 0  M
2 33 0 0  M
10 2 0 0  M
2 30 0 0  M
2 34 0 0  M
2 35 0 0  M
10 3 0 0  M
26 12 0 0  M
7 4 0 0  M
22 30 0 0  M
2 31 0 0  M
6 4 0 0  M
2 34 0 0  M
18 30 0 0  M
14 7 0 0  M
2 33 0 0  M
2 32 0 0  M
2 35 0 0  M
10 3 0 0  M
2 35 0 0  M
2 32 0 0  M
2 34 0 0  M
2 32 0 0  M
2 30 0 0  M
17 35 10 0  O
2 33 0 0  M
9 34 0 0  U
23 31 0 0  U
2 32 0 0  M
14 8 0 0  M
27 6 0 0  U
20 1 0 0  M
18 3 0 0  M
2 28 0 0  M
8 4 0 0  M
18 30 0 0  M
2 29 0 0  M
2 28 0 0  M
2 31 0 0  M
2 31 0 0  M
20 12 0 0  M
7 32 0 0  M
5 36 0 0  U
15 12 0 0  M
2 34 0 0  M
16 12 0 0  M
2 31 0 0  M
2 31 0 0  M
2 32 0 0  M
27 5 0 0  U
14 2 0 0  M
18 3 0 0  M
25 7 0 0  M
14 1 0 0  M
9 8 0 0  M
2 28 0 0  M
28 10 0 0  U
15 36 10 0  O
2 29 0 0  M
2 34 0 0  M
2 35 0 0  M
2 32 0 0  M
2 26 0 0  M
14 2 0 0  M
2 34 0 0  M
2 26 0 0  M
8 6 0 0  M
7 5 0 0  M
23 29 0 0  U
2 33 0 0  M
2 32 0 0  M
10 3 0 0  M
2 34 0 0  M
6 4 0 0  M
5 31 0 0  M
2 29 0 0  M
15 10 0 0  M
2 31 0 0  M
12 2 0 0  M
7 5 0 0  M
2 31 0 0  M
2 28 0 0  M
2 30 0 0  M
20 11 0 0  M
2 34 0 0  M
24 31 0 0  U
9 5 0 0  M
2 35 0 0  M
2 35 0 0  M
2 33 0 0  M
16 3 0 0  M
24 31 0 0  U
10 3 0 0  M
16 11 0 0  G
24 31 0 0  U
2 34 0 0  M
5 33 0 0  M
2 26 0 0  M
5 37 0 0  U
8 6 0 0  M
2 32 0 0  M
15 36 10 0  O
2 27 0 0  M
2 32 0 0  M
2 32 0 0  M
19 13 0 0  M
10 2 0 0  M
8 4 0 0  M
4 35 0 0  M
16 11 0 0  M
16 3 0 0  M
18 10 0 0  M
2 31 0 0  M
2 27 0 0  M
23 8 0 0  M
2 31 0 0  M
2 30 0 0  M
16 14 0 0  M
17 3 0 0  M
6 4 0 0  M
2 32 0 0  M
2 28 0 0  M
14 2 0 0  M
16 37 10 0  O
2 28 0 0  M
2 29 0 0  M
2 29 0 0  M
2 35 0 0  M
20 11 0 0  M
16 11 0 0  M
2 32 0 0  M
2 31 0 0  M
2 27 0 0  M
2 32 0 0  M
2 29 0 0  M
28 13 0 0  M
18 31 0 0  M
16 33 10 0  O
27 9 0 0  M
2 26 0 0  M
21 31 0 0  M
2 32 0 0  M
25 9 0 0  M
2 34 0 0  M
24 30 0 0  U
2 32 0 0  M
6 4 0 0  M
2 29 0 0  M
2 33 0 0  M
2 29 0 0  M
2 31 0 0  M
2 35 0 0  M
25 0 0 0  M
16 12 0 0  M
2 34 0 0  M
2 31 0 0  M
2 32 0 0  M
2 32 0 0  M
2 30 0 0  M
16 12 0 0  M
2 28 0 0  M
20 11 0 0  M
26 12 0 0  M
27 7 0 0  U
14 2 0 0  M
2 32 0 0  M
25 3 0 0  M
2 33 0 0  M
2 31 0 0  M
2 35 0 0  M
2 13 10 0  O
22 4 0 0  M
21 3 0 0  M
2 30 0 0  M
2 29 0 0  M
25 9 0 0  M
14 2 0 0  M
15 36 10 0  O
21 4 0 0  M
25 9 0 0  M
20 12 0 0  M
14 33 10 0  O
14 1 0 0  M
2 32 0 0  M
6 4 0 0  M
2 28 0 0  M
2 32 0 0  M
20 3 0 0  M
25 7 0 0  M
2 31 0 0  M
24 30 0 0  U
3 36 0 0  M
2 29 0 0  M
10 2 0 0  M
2 34 0 0  M
2 33 0 0  M
2 34 0 0  M
25 31 0 0  U
17 36 10 0  O
2 31 0 0  M
24 31 0 0  U
2 34 0 0  M
24 10 0 0  M
2 31 0 0  M
27 3 0 0  U
19 33 10 0  O
18 3 0 0  M
10 3 0 0  M
25 2 0 0  M
6 4 0 0  M
19 2 0 0  M
2 33 0 0  M
20 2 0 0  M
15 7 0 0  M
24 6 0 0  M
2 33 0 0  M
2 33 0 0  M
19 13 0 0  M
20 3 0 0  M
17 35 10 0  O
28 11 0 0  M
2 30 0 0  M
2 34 0 0  M
2 34 0 0  M
10 1 0 0  M
6 33 0 0  M
17 30 0 0  M
2 27 0 0  M
2 34 0 0  M
17 35 10 0  O
21 6 0 0  M
2 35 0 0  M
14 2 0 0  M
14 0 0 0  M
25 31 0 0  U
2 33 0 0  M
2 35 0 0  M
2 35 0 0  M
16 12 0 0  M
27 1 0 0  U
10 3 0 0  M
19 12 0 0  M
2 34 0 0  M
2 33 0 0  M
16 11 0 0  M
2 30 0 0  M
2 33 0 0  M
24 31 0 0  U
2 34 0 0  M
24 31 0 0  U
2 35 0 0  M
16 11 0 0  M
15 34 10 0  O
2 35 0 0  M
2 34 0 0  M
2 34 0 0  M
2 34 0 0  M
6 32 0 0  M
2 35 0 0  M
7 3 0 0  M
10 2 0 0  M
2 32 0 0  M
2 30 0 0  M
16 12 0 0  G
2 28 0 0  M
6 4 0 0  M
2 29 0 0  M
2 29 0 0  M
2 34 0 0  M
12 32 0 0  M
4 37 0 0  M
6 4 0 0  M
2 32 0 0  M
18 33 10 0  O
2 33 0 0  M
5 34 0 0  U
25 2 0 0  M
2 31 0 0  M
20 2 0 0  M
25 9 0 0  M
15 36 10 0  O
2 34 0 0  M
4 30 0 0  M
9 38 0 0  U
2 28 0 0  M
2 27 0 0  M
25 3 0 0  M
25 2 0 0  M
10 3 0 0  M
23 31 0 0  U
2 31 0 0  M
20 2 0 0  M
2 35 0 0  M
1 15 10 0  O
15 13 0 0  M
2 31 0 0  M
10 2 0 0  M
9 5 0 0  M
2 35 0 0  M
24 30 0 0  U
15 36 10 0  O
2 33 0 0  M
2 27 0 0  M
10 3 0 0  M
25 1 0 0  M
2 33 0 0  M
2 13 10 0  O
2 33 0 0  M
21 31 0 0  M
2 28 0 0  M
6 4 0 0  M
28 29 0 0  U
4 35 0 0  U
2 34 0 0  M
2 26 0 0  M
2 34 0 0  M
4 37 0 0  M
15 36 10 0  O
2 33 0 0  M
26 25 0 0  U
16 11 0 0  M
2 29 0 0  M
2 34 0 0  M
2 35 0 0  M
20 8 0 0  M
2 29 0 0  M
2 32 0 0  M
4 36 0 0  M
2 35 0 0  M
10 3 0 0  M
2 28 0 0  M
2 31 0 0  M
6 4 0 0  M
14 2 0 0  M
10 3 0 0  M
2 13 10 0  O
9 33 0 0  M
2 30 0 0  M
17 35 10 0  O
2 29 0 0  M
6 4 0 0  M
19 33 10 0  O
2 29 0 0  M
4 35 0 0  U
2 33 0 0  M
6 4 0 0  M
19 2 0 0  M
2 30 0 0  M
2 34 0 0  M
2 32 0 0  M
2 31 0 0  M
24 15 0 0  M
2 35 0 0  M
10 2 0 0  M
10 2 0 0  M
2 33 0 0  M
24 31 0 0  U
2 35 0 0  M
10 3 0 0  M
2 33 0 0  M
2 33 0 0  M
2 33 0 0  M
2 30 0 0  M
15 13 0 0  M
2 33 0 0  M
2 34 0 0  M
2 33 0 0  M
6 4 0 0  M
2 34 0 0  M
24 31 0 0  U
5 31 0 0  M
19 1 0 0  M
6 4 0 0  M
20 11 0 0  M
24 30 0 0  U
28 9 0 0  U
25 31 0 0  U
14 2 0 0  M
22 5 0 0  M
2 34 0 0  M
8 4 0 0  M
2 31 0 0  M
21 4 0 0  M
3 36 0 0  M
2 33 0 0  M
17 36 10 0  O
14 2 0 0  M
19 1 0 0  M
2 31 0 0  M
2 30 0 0  M
2 30 0 0  M
4 35 0 0  M
2 34 0 0  M
16 11 0 0  M
6 4 0 0  M
26 5 0 0  M
2 35 0 0  M
6 4 0 0  M
25 7 0 0  M
2 34 0 0  M
2 34 0 0  M
15 33 0 0  M
2 29 0 0  M
3 30 0 0  M
2 29 0 0  M
2 35 0 0  M
15 13 0 0  M
2 31 0 0  M
2 29 0 0  M
2 34 0 0  M
8 6 0 0  M
2 30 0 0  M
20 32 10 0  O
6 4 0 0  M
2 31 0 0  M
3 36 0 0  M
2 29 0 0  M
2 30 0 0  M
2 35 0 0  M
2 30 0 0  M
2 32 0 0  M
6 4 0 0  M
6 4 0 0  M
6 4 0 0  M
2 35 0 0  M
20 1 0 0  M
14 2 0 0  M
2 34 0 0  M
20 11 0 0  M
20 2 0 0  M
2 27 0 0  M
14 1 0 0  M
2 29 0 0  M
26 31 0 0  U
12 0 0 0  M
15 13 0 0  M
7 38 0 0  U
2 29 0 0  M
2 28 0 0  M
2 33 0 0  M
6 4 0 0  M
2 35 0 0  M
2 35 0 0  M
25 9 0 0  M
2 35 0 0  M
2 33 0 0  M
2 33 0 0  M
2 34 0 0  M
2 34 0 0  M
2 30 0 0  M
2 30 0 0  M
2 27 0 0  M
14 1 0 0  M
2 34 0 0  M
2 27 0 0  M
26 27 0 0  U
2 30 0 0  M
2 31 0 0  M
2 34 0 0  M
14 2 0 0  M
14 35 10 0  O
2 35 0 0  M
2 33 0 0  M
20 11 0 0  M
20 11 0 0  M
24 29 0 0  U
2 27 0 0  M
20 11 0 0  M
2 35 0 0  M
16 11 0 0  M
16 36 10 0  O
2 29 0 0  M
9 3 0 0  M
19 2 0 0  M
16 37 10 0  O
2 35 0 0  M
9 5 0 0  M
28 28 0 0  U
7 39 0 0  U
19 2 0 0  M
27 6 0 0  U
23 33 0 0  M
2 32 0 0  M
18 32 0 0  M
2 34 0 0  M
20 3 0 0  M
20 3 0 0  M
10 1 0 0  M
20 2 0 0  M
2 34 0 0  M
23 31 0 0  U
2 34 0 0  M
2 27 0 0  M
2 32 0 0  M
2 35 0 0  M
21 31 0 0  M
2 32 0 0  M
2 29 0 0  M
24 29 0 0  U
2 32 0 0  M
14 1 0 0  M
2 32 0 0  M
16 30 0 0  M
6 4 0 0  M
25 7 0 0  M
11 1 0 0  M
27 5 0 0  U
2 30 0 0  M
2 27 0 0  M
2 35 0 0  M
2 31 0 0  M
2 33 0 0  M
2 31 0 0  M
2 29 0 0  M
2 33 0 0  M
3 36 0 0  M
2 33 0 0  M
6 4 0 0  M
20 1 0 0  M
21 31 0 0  M
2 33 0 0  M
14 36 10 0  O
6 4 0 0  M
20 0 0 0  M
3 36 0 0  M
8 6 0 0  M
5 36 0 0  M
24 29 0 0  U
10 4 0 0  M
24 29 0 0  U
16 12 0 0  M
2 32 0 0  M
6 4 0 0  M
2 33 0 0  M
18 32 0 0  M
2 30 0 0  M
2 32 0 0  M
2 32 0 0  M
2 29 0 0  M
3 36 0 0  M
2 28 0 0  M
25 4 0 0  M
2 35 0 0  M
16 11 0 0  M
21 4 0 0  M
20 3 0 0  M
23 28 0 0  M
23 28 0 0  M
10 3 0 0  M
10 2 0 0  M
23 4 0 0  M
14 2 0 0  M
17 30 0 0  M
6 4 0 0  M
25 2 0 0  M
7 4 0 0  M
16 38 10 0  O
27 7 0 0  U
10 3 0 0  M
2 31 0 0  M
14 2 0 0  M
25 32 0 0  U
25 3 0 0  M
15 36 10 0  O
2 32 0 0  M
26 27 0 0  U
20 2 0 0  M
2 34 0 0  M
2 32 0 0  M
2 34 0 0  M
15 36 10 0  O
2 29 0 0  M
10 35 0 0  U
2 27 0 0  M
2 33 0 0  M
2 28 0 0  M
2 34 0 0  M
2 28 0 0  M
10 3 0 0  M
2 33 0 0  M
9 4 0 0  M
2 29 0 0  M
20 3 0 0  M
23 8 0 0  M
19 2 0 0  M
27 31 0 0  U
10 3 0 0  M
2 29 0 0  M
3 30 0 0  M
2 33 0 0  M
2 35 0 0  M
2 34 0 0  M
2 33 0 0  M
5 11 0 0  U
2 33 0 0  M
25 9 0 0  M
2 29 0 0  M
24 4 0 0  M
2 26 0 0  M
2 33 0 0  M
14 31 10 0  O
14 2 0 0  M
16 12 0 0  M
2 33 0 0  M
2 35 0 0  M
2 31 0 0  M
2 32 0 0  M
2 34 0 0  M
2 26 0 0  M
11 32 0 0  M
15 33 0 0  M
6 4 0 0  M
11 2 0 0  M
20 2 0 0  M
27 28 0 0  U
2 35 0 0  M
10 34 0 0  U
27 7 0 0  U
2 32 0 0  M
19 37 10 0  O
2 32 0 0  M
16 13 0 0  M
2 35 0 0  M
27 6 0 0  M
2 34 0 0  M
27 4 0 0  U
20 3 0 0  M
2 34 0 0  M
20 11 0 0  M
2 34 0 0  M
2 34 0 0  M
2 32 0 0  M
2 31 0 0  M
2 35 0 0  M
25 6 0 0  M
27 4 0 0  U
2 30 0 0  M
2 32 0 0  M
7 5 0 0  M
2 34 0 0  M
20 3 0 0  M
28 12 0 0  M
18 36 10 0  O
2 34 0 0  M
3 32 0 0  M
2 34 0 0  M
15 12 0 0  M
2 34 0 0  M
15 24 0 0  M
9 5 0 0  M
2 28 0 0  M
2 35 0 0  M
23 4 0 0  M
6 4 0 0  M
20 2 0 0  M
26 28 0 0  U
10 32 0 0  M
10 2 0 0  M
27 7 0 0  U
2 32 0 0  M
2 34 0 0  M
2 34 0 0  M
2 34 0 0  M
2 35 0 0  M
20 30 0 0  M
2 29 0 0  M
7 4 0 0  M
26 3 0 0  M
2 32 0 0  M
27 8 0 0  U
2 34 0 0  M
2 33 0 0  M
2 29 0 0  M
2 29 0 0  M
2 32 0 0  M
18 3 0 0  M
19 1 0 0  M
2 33 0 0  M
3 30 0 0  M
2 33 0 0  M
24 10 0 0  M
2 35 0 0  M
4 35 0 0  M
2 27 0 0  M
2 28 0 0  M
4 37 0 0  M
2 32 0 0  M
2 32 0 0  M
4 37 0 0  M
2 29 0 0  M
2 32 0 0  M
16 31 0 0  M
2 29 0 0  M
4 31 0 0  M
5 36 0 0  M
2 33 0 0  M
8 36 0 0  U
11 31 0 0  M
2 34 0 0  M
2 35 0 0  M
2 34 0 0  M
2 28 0 0  M
2 27 0 0  M
2 33 0 0  M
2 33 0 0  M
2 31 0 0  M
24 31 0 0  U
2 34 0 0  M
27 7 0 0  U
19 1 0 0  M
20 2 0 0  M
2 32 0 0  M
2 29 0 0  M
2 33 0 0  M
2 28 0 0  M
4 35 0 0  M
2 32 0 0  M
2 31 0 0  M
2 28 0 0  M
14 2 0 0  M
2 34 0 0  M
17 3 0 0  M
5 32 0 0  M
20 2 0 0  M
8 33 0 0  M
2 30 0 0  M
6 4 0 0  M
2 28 0 0  M
2 28 0 0  M
10 4 0 0  M
24 29 0 0  U
2 26 0 0  M
29 14 0 0  M
2 34 0 0  M
15 33 10 0  O
20 11 0 0  M
2 30 0 0  M
2 34 0 0  M
14 2 0 0  M
2 33 0 0  M
19 13 0 0  M
2 35 0 0  M
2 33 0 0  M
10 3 0 0  M
2 28 0 0  M
2 33 0 0  M
2 33 0 0  M
12 1 0 0  M
2 30 0 0  M
2 34 0 0  M
15 32 0 0  M
16 11 0 0  M
2 35 0 0  M
2 33 0 0  M
2 34 0 0  M
2 34 0 0  M
15 10 0 0  M
2 35 0 0  M
2 32 0 0  M
16 11 0 0  M
14 36 10 0  O
2 33 0 0  M
14 2 0 0  M
2 34 0 0  M
4 37 0 0  M
24 29 0 0  U
17 30 0 0  M
2 29 0 0  M
2 28 0 0  M
6 36 0 0  U
5 35 0 0  U
2 28 0 0  M
2 34 0 0  M
6 35 0 0  U
2 31 0 0  M
9 36 0 0  U
2 34 0 0  M
2 32 0 0  M
10 4 0 0  M
25 7 0 0  M
8 6 0 0  M
27 7 0 0  M
2 27 0 0  M
16 11 0 0  M
15 12 0 0  M
2 28 0 0  M
2 27 0 0  M
2 32 0 0  M
2 28 0 0  M
20 12 0 0  M
6 4 0 0  M
20 2 0 0  M
13 0 0 0  M
5 0 0 0  G
14 2 0 0  M
25 3 0 0  M
4 37 0 0  M
10 2 0 0  M
22 4 0 0  M
5 38 0 0  M
27 10 0 0  M
10 2 0 0  M
29 11 0 0  U
24 10 0 0  M
20 2 0 0  M
2 28 0 0  M
25 3 0 0  M
29 28 0 0  U
27 7 0 0  U
27 32 0 0  U
15 33 0 0  M
28 27 0 0  U
2 34 0 0  M
10 3 0 0  M
20 3 0 0  M
25 10 0 0  M
2 34 0 0  M
2 34 0 0  M
2 32 0 0  M
2 32 0 0  M
2 31 0 0  M
1 14 10 0  O
24 31 0 0  U
17 3 0 0  M
2 27 0 0  M
2 26 0 0  M
6 4 0 0  M
2 29 0 0  M
10 4 0 0  M
2 31 0 0  M
2 33 0 0  M
2 34 0 0  M
2 27 0 0  M
16 11 0 0  M
6 3 0 0  M
24 28 0 0  U
2 35 0 0  M
2 31 0 0  M
24 4 0 0  M
23 5 0 0  M
2 32 0 0  M
2 35 0 0  M
14 2 0 0  M
15 7 0 0  M
27 5 0 0  U
27 7 0 0  M
9 5 0 0  M
6 4 0 0  M
11 34 0 0  U
25 6 0 0  M
2 31 0 0  M
8 6 0 0  M
24 3 0 0  M
2 33 0 0  M
20 3 0 0  M
2 33 0 0  M
25 9 0 0  M
2 32 0 0  M
2 32 0 0  M
29 30 0 0  U
10 3 0 0  M
10 3 0 0  M
22 4 0 0  M
27 5 0 0  U
14 2 0 0  M
24 30 0 0  U
2 27 0 0  M
2 33 0 0  M
19 2 0 0  M
2 31 0 0  M
10 3 0 0  M
2 30 0 0  M
14 2 0 0  M
6 34 0 0  M
2 34 0 0  M
2 28 0 0  M
13 33 0 0  M
2 27 0 0  M
2 30 0 0  M
2 32 0 0  M
19 2 0 0  M
25 1 0 0  M
2 32 0 0  M
2 28 0 0  M
16 13 0 0  M
2 32 0 0  M
2 32 0 0  M
10 3 0 0  M
16 11 0 0  M
2 33 0 0  M
2 28 0 0  M
24 10 0 0  M
2 32 0 0  M
17 29 0 0  M
2 31 0 0  M
2 32 0 0  M
6 4 0 0  M
14 31 0 0  M
25 5 0 0  M
18 14 0 0  M
25 3 0 0  M
2 34 0 0  M
6 34 0 0  U
11 32 0 0  M
2 32 0 0  M
25 6 0 0  M
2 28 0 0  M
2 34 0 0  M
2 31 0 0  M
2 32 0 0  M
2 32 0 0  M
2 32 0 0  M
2 30 0 0  M
10 2 0 0  M
2 30 0 0  M
10 5 0 0  M
26 8 0 0  M
17 33 0 0  M
10 3 0 0  M
2 29 0 0  M
2 33 0 0  M
2 28 0 0  M
2 31 0 0  M
2 34 0 0  M
2 32 0 0  M
10 3 0 0  M
2 33 0 0  M
2 32 0 0  M
2 30 0 0  M
2 29 0 0  M
3 29 0 0  M
6 4 0 0  M
2 27 0 0  M
2 29 0 0  M
2 34 0 0  M
14 32 10 0  O
9 35 0 0  U
10 3 0 0  M
6 4 0 0  M
2 32 0 0  M
21 32 0 0  M
26 4 0 0  M
8 38 0 0  U
24 16 0 0  M
20 3 0 0  M
10 3 0 0  M
8 35 0 0  U
2 32 0 0  M
10 3 0 0  M
25 33 0 0  U
2 28 0 0  M
2 34 0 0  M
25 5 0 0  M
26 12 0 0  M
19 33 10 0  O
27 6 0 0  U
6 4 0 0  M
2 34 0 0  M
2 29 0 0  M
2 35 0 0  M
17 29 0 0  M
2 33 0 0  M
2 32 0 0  M
2 34 0 0  M
6 4 0 0  M
2 34 0 0  M
16 12 0 0  M
28 14 0 0  M
2 35 0 0  M
7 33 0 0  M
2 31 0 0  M
5 38 0 0  M
19 1 0 0  M
2 31 0 0  M
1 14 10 0  O
2 31 0 0  M
7 5 0 0  M
2 31 0 0  M
2 30 0 0  M
2 34 0 0  M
3 30 0 0  M
16 12 0 0  M
15 10 0 0  M
2 34 0 0  M
11 33 0 0  M
2 34 0 0  M
2 33 0 0  M
2 32 0 0  M
5 36 0 0  M
27 32 0 0  U
23 32 0 0  M
25 3 0 0  M
6 4 0 0  M
24 30 0 0  U
10 3 0 0  M
2 34 0 0  M
24 10 0 0  M
20 3 0 0  M
2 33 0 0  M
10 1 0 0  M
23 4 0 0  M
12 4 4 1 S 
4 13 4 1 S 
20 4 4 1 S 
21 7 4 1 S 
13 27 4 1 S 
8 29 4 1 S 
5 1 4 1 S 
3 12 4 1 S 
14 3 4 1 S 
24 10 4 1 S 
26 12 4 1 S 
22 8 4 1 S 
1 13 4 1 S 
3 14 4 1 S 
27 11 4 1 S 
25 22 4 1 S 
16 29 4 1 S 
3 39 4 1 S 
26 18 4 1 S 
26 10 4 1 S 
1 36 4 1 S 
28 14 4 1 S 
2 38 4 1 S 
8 1 4 1 S 
18 2 4 1 S 
7 0 4 1 S 
9 1 4 1 S 
26 18 4 1 S 
26 9 7 1 S 
26 10 7 1 S 
21 1 4 1 S 
26 11 4 1 S 
19 30 4 1 S 
28 20 4 1 S 
27 23 4 1 S 
0 1 4 1 S 
28 23 4 1 S 
28 20 4 1 S 
15 2 0 0  M
14 2 0 0  M
26 13 0 0  M
14 35 0 0  M
8 5 0 0  M
25 3 0 0  M
10 5 0 0  M
7 4 0 0  M
25 10 0 0  M
14 3 0 0  M
10 5 0 0  M
25 8 0 0  M
7 4 0 0  M
22 34 0 0  M
14 3 0 0  M
25 3 0 0  M
19 2 0 0  M
14 3 0 0  M
14 2 0 0  M
21 5 0 0  M
23 9 0 0  M
28 13 0 0  M
20 3 0 0  M
29 27 0 0  U
24 4 0 0  M
11 4 4 1 S 
26 11 4 1 S 
2 14 4 1 S 
26 23 4 1 S 
28 22 4 1 S 
